cee683c5d36730ce750809fb30a68d61.jpg,42,31,20
cactus3.jpg,134,148,142
e16b290f-306b-4c0d-b874-9929361e32d2.jpg,142,130,116
093c12dc-076f-4d8a-b91a-08ea898d413e.jpeg,93,96,87
pig.jpg,157,133,123
m.jpeg,95,39,20
barney.png,117,59,85
44933255_908252906229206_2780763751022854144_n.jpg,151,137,140
homero_simpson.jpg,155,166,184
13083247_979101222172577_7592646628723297471_n.jpg,134,143,138
9e5b0399-4c82-4075-a94c-81ec287d9c9d.jpg,145,137,125
hmm.jpg,119,124,91
1.jpg,77,81,70
hmmm.jpg,163,137,119
cactus.jpg,143,139,110
paint_bird.jpg,212,220,213
hqdefault.jpg,68,70,28
g.jpg,114,112,92
a6b42ae317a1a5eb56a78ca924234316.jpg,81,69,61
f4945d7f-8a6b-44b9-9137-6964ed7be555.jpg,182,159,153
45727173_938182906570697_75679213541130240_n.jpg,216,220,210
LeBron.jpg,165,111,44
c07f95f4ba353c54b58bfed9da43f2a3.jpg,133,135,76
45361429_298508344321716_7267913052354248704_n.jpg,93,85,79
100488.jpg,161,134,127
colibri-mensaje-espiritual-2.jpg,89,105,99
Hulk.jpg,39,51,37
100490.jpg,108,74,99
c755f532-26a4-48fd-a6a3-b3ef1042b545.jpg,158,125,107
van_gogh_painting_parties_2000x.jpg,204,94,41
hulk-close-up.jpg,74,105,81
39279998_1924584427636972_5011104512232914944_n.jpg,155,147,140
lisa.jpg,189,180,145
guitarra.jpeg,90,87,86
d.jpg,166,148,133
